1001    11.506784256846036
1002    10.788870175388553
1003    11.175455494727686
1004    11.418233047910752
1005    11.61824926442947
1006    11.43436818433839
1007    11.074313881123759
1008    12.860430653355278
1009    11.777644088580647
1010    9.650145633586096
1011    12.454448461970717
1012    9.691327095926583
1013    11.356063372832764
1014    11.772600254135872
1015    10.564387889859507
1016    12.22917636184501
1017    7.064137003136502
1018    13.219725035334276
1019    7.810890886744834
1020    12.23527879201115
1021    11.634830601074444
1022    11.888316664898202
1023    10.919435631726582
1024    11.579646715495075
1025    11.475742684520096
1026    11.605147133219376
1027    12.482192210957782
1028    12.422495417516464
1029    11.369950062169359
1030    9.377052523799671
1031    10.076650971293443
1032    6.702883326366095
1033    11.389640225819551
1034    12.606702948604863
1035    11.895686042207597
1036    12.720721362000445
1037    9.930074016402987
1038    11.230972000503256
1039    10.844903744045041
1040    12.45699059109062
1041    7.107949961173556
1042    11.722407538572169
1043    11.230044941325911
1044    11.176807316173042